 [0.0, 22310.0],
 [0.1, 22310.0],
 [0.2, 22567.0],
 [0.3, 22567.0],
 [0.4, 22579.0],
 [0.5, 22579.0],
 [0.6, 22579.0],
 [0.7, 22688.0],
 [0.8, 22719.0],
 [0.9, 22719.0],
 [1.0, 22724.0],
 [1.1, 22724.0],
 [1.2, 22741.0],
 [1.3, 22741.0],
 [1.4, 22745.0],
 [1.5, 22745.0],
 [1.6, 22756.0],
 [1.7, 22756.0],
 [1.8, 22782.0],
 [1.9, 22782.0],
 [2.0, 22795.0],
 [2.1, 22795.0],
 [2.2, 22796.0],
 [2.3, 22796.0],
 [2.4, 22799.0],
 [2.5, 22799.0],
 [2.6, 22801.0],
 [2.7, 22801.0],
 [2.8, 22801.0],
 [2.9, 22805.0],
 [3.0, 22805.0],
 [3.1, 22808.0],
 [3.2, 22808.0],
 [3.3, 22817.0],
 [3.4, 22817.0],
 [3.5, 22826.0],
 [3.6, 22826.0],
 [3.7, 22830.0],
 [3.8, 22830.0],
 [3.9, 22865.0],
 [4.0, 22865.0],
 [4.1, 22878.0],
 [4.2, 22878.0],
 [4.3, 22900.0],
 [4.4, 22900.0],
 [4.5, 22917.0],
 [4.6, 22917.0],
 [4.7, 22942.0],
 [4.8, 22942.0],
 [4.9, 22943.0],
 [5.0, 22943.0],
 [5.1, 22974.0],
 [5.2, 22974.0],
 [5.3, 22985.0],
 [5.4, 22985.0],
 [5.5, 22987.0],
 [5.6, 22987.0],
 [5.7, 23006.0],
 [5.8, 23006.0],
 [5.9, 23011.0],
 [6.0, 23011.0],
 [6.1, 23020.0],
 [6.2, 23020.0],
 [6.3, 23034.0],
 [6.4, 23034.0],
 [6.5, 23043.0],
 [6.6, 23043.0],
 [6.7, 23052.0],
 [6.8, 23052.0],
 [6.9, 23058.0],
 [7.0, 23058.0],
 [7.1, 23060.0],
 [7.2, 23060.0],
 [7.3, 23065.0],
 [7.4, 23065.0],
 [7.5, 23065.0],
 [7.6, 23065.0],
 [7.7, 23084.0],
 [7.8, 23084.0],
 [7.9, 23089.0],
 [8.0, 23089.0],
 [8.1, 23093.0],
 [8.2, 23093.0],
 [8.3, 23097.0],
 [8.4, 23097.0],
 [8.5, 23122.0],
 [8.6, 23122.0],
 [8.7, 23122.0],
 [8.8, 23122.0],
 [8.9, 23124.0],
 [9.0, 23124.0],
 [9.1, 23130.0],
 [9.2, 23130.0],
 [9.3, 23147.0],
 [9.4, 23162.0],
 [9.5, 23162.0],
 [9.6, 23167.0],
 [9.7, 23167.0],
 [9.8, 23169.0],
 [9.9, 23169.0],
 [10.0, 23170.0],
 [10.1, 23170.0],
 [10.2, 23175.0],
 [10.3, 23175.0],
 [10.4, 23185.0],
 [10.5, 23185.0],
 [10.6, 23186.0],
 [10.7, 23186.0],
 [10.8, 23187.0],
 [10.9, 23187.0],
 [11.0, 23188.0],
 [11.1, 23188.0],
 [11.2, 23197.0],
 [11.3, 23197.0],
 [11.4, 23199.0],
 [11.5, 23199.0],
 [11.6, 23208.0],
 [11.7, 23208.0],
 [11.8, 23225.0],
 [11.9, 23225.0],
 [12.0, 23230.0],
 [12.1, 23230.0],
 [12.2, 23259.0],
 [12.3, 23259.0],
 [12.4, 23262.0],
 [12.5, 23262.0],
 [12.6, 23263.0],
 [12.7, 23263.0],
 [12.8, 23264.0],
 [12.9, 23264.0],
 [13.0, 23264.0],
 [13.1, 23264.0],
 [13.2, 23264.0],
 [13.3, 23264.0],
 [13.4, 23267.0],
 [13.5, 23267.0],
 [13.6, 23278.0],
 [13.7, 23278.0],
 [13.8, 23278.0],
 [13.9, 23278.0],
 [14.0, 23282.0],
 [14.1, 23282.0],
 [14.2, 23284.0],
 [14.3, 23284.0],
 [14.4, 23286.0],
 [14.5, 23286.0],
 [14.6, 23287.0],
 [14.7, 23287.0],
 [14.8, 23289.0],
 [14.9, 23289.0],
 [15.0, 23289.0],
 [15.1, 23289.0],
 [15.2, 23295.0],
 [15.3, 23295.0],
 [15.4, 23300.0],
 [15.5, 23300.0],
 [15.6, 23302.0],
 [15.7, 23302.0],
 [15.8, 23306.0],
 [15.9, 23306.0],
 [16.0, 23309.0],
 [16.1, 23309.0],
 [16.2, 23310.0],
 [16.3, 23310.0],
 [16.4, 23310.0],
 [16.5, 23310.0],
 [16.6, 23330.0],
 [16.7, 23330.0],
 [16.8, 23331.0],
 [16.9, 23331.0],
 [17.0, 23332.0],
 [17.1, 23332.0],
 [17.2, 23335.0],
 [17.3, 23335.0],
 [17.4, 23335.0],
 [17.5, 23335.0],
 [17.6, 23336.0],
 [17.7, 23336.0],
 [17.8, 23349.0],
 [17.9, 23349.0],
 [18.0, 23349.0],
 [18.1, 23349.0],
 [18.2, 23350.0],
 [18.3, 23350.0],
 [18.4, 23351.0],
 [18.5, 23351.0],
 [18.6, 23354.0],
 [18.7, 23354.0],
 [18.8, 23361.0],
 [18.9, 23361.0],
 [19.0, 23362.0],
 [19.1, 23362.0],
 [19.2, 23363.0],
 [19.3, 23363.0],
 [19.4, 23367.0],
 [19.5, 23367.0],
 [19.6, 23367.0],
 [19.7, 23367.0],
 [19.8, 23370.0],
 [19.9, 23370.0],
 [20.0, 23381.0],
 [20.1, 23381.0],
 [20.2, 23384.0],
 [20.3, 23384.0],
 [20.4, 23388.0],
 [20.5, 23388.0],
 [20.6, 23390.0],
 [20.7, 23390.0],
 [20.8, 23394.0],
 [20.9, 23394.0],
 [21.0, 23395.0],
 [21.1, 23395.0],
 [21.2, 23397.0],
 [21.3, 23397.0],
 [21.4, 23400.0],
 [21.5, 23400.0],
 [21.6, 23407.0],
 [21.7, 23407.0],
 [21.8, 23409.0],
 [21.9, 23409.0],
 [22.0, 23418.0],
 [22.1, 23418.0],
 [22.2, 23421.0],
 [22.3, 23421.0],
 [22.4, 23423.0],
 [22.5, 23423.0],
 [22.6, 23424.0],
 [22.7, 23424.0],
 [22.8, 23433.0],
 [22.9, 23433.0],
 [23.0, 23439.0],
 [23.1, 23439.0],
 [23.2, 23445.0],
 [23.3, 23445.0],
 [23.4, 23451.0],
 [23.5, 23451.0],
 [23.6, 23454.0],
 [23.7, 23454.0],
 [23.8, 23460.0],
 [23.9, 23460.0],
 [24.0, 23464.0],
 [24.1, 23464.0],
 [24.2, 23465.0],
 [24.3, 23465.0],
 [24.4, 23474.0],
 [24.5, 23474.0],
 [24.6, 23479.0],
 [24.7, 23479.0],
 [24.8, 23481.0],
 [24.9, 23481.0],
 [25.0, 23483.0],
 [25.1, 23483.0],
 [25.2, 23485.0],
 [25.3, 23485.0],
 [25.4, 23486.0],
 [25.5, 23486.0],
 [25.6, 23486.0],
 [25.7, 23486.0],
 [25.8, 23488.0],
 [25.9, 23488.0],
 [26.0, 23493.0],
 [26.1, 23493.0],
 [26.2, 23494.0],
 [26.3, 23494.0],
 [26.4, 23496.0],
 [26.5, 23496.0],
 [26.6, 23498.0],
 [26.7, 23498.0],
 [26.8, 23502.0],
 [26.9, 23502.0],
 [27.0, 23503.0],
 [27.1, 23503.0],
 [27.2, 23504.0],
 [27.3, 23504.0],
 [27.4, 23506.0],
 [27.5, 23506.0],
 [27.6, 23507.0],
 [27.7, 23507.0],
 [27.8, 23508.0],
 [27.9, 23508.0],
 [28.0, 23516.0],
 [28.1, 23516.0],
 [28.2, 23517.0],
 [28.3, 23517.0],
 [28.4, 23517.0],
 [28.5, 23517.0],
 [28.6, 23518.0],
 [28.7, 23518.0],
 [28.8, 23523.0],
 [28.9, 23523.0],
 [29.0, 23527.0],
 [29.1, 23527.0],
 [29.2, 23529.0],
 [29.3, 23529.0],
 [29.4, 23530.0],
 [29.5, 23530.0],
 [29.6, 23531.0],
 [29.7, 23531.0],
 [29.8, 23534.0],
 [29.9, 23534.0],
 [30.0, 23536.0],
 [30.1, 23536.0],
 [30.2, 23536.0],
 [30.3, 23536.0],
 [30.4, 23541.0],
 [30.5, 23541.0],
 [30.6, 23544.0],
 [30.7, 23544.0],
 [30.8, 23548.0],
 [30.9, 23548.0],
 [31.0, 23553.0],
 [31.1, 23553.0],
 [31.2, 23557.0],
 [31.3, 23557.0],
 [31.4, 23567.0],
 [31.5, 23567.0],
 [31.6, 23569.0],
 [31.7, 23569.0],
 [31.8, 23569.0],
 [31.9, 23569.0],
 [32.0, 23570.0],
 [32.1, 23570.0],
 [32.2, 23572.0],
 [32.3, 23572.0],
 [32.4, 23578.0],
 [32.5, 23578.0],
 [32.6, 23581.0],
 [32.7, 23581.0],
 [32.8, 23581.0],
 [32.9, 23581.0],
 [33.0, 23583.0],
 [33.1, 23583.0],
 [33.2, 23588.0],
 [33.3, 23588.0],
 [33.4, 23590.0],
 [33.5, 23590.0],
 [33.6, 23591.0],
 [33.7, 23591.0],
 [33.8, 23591.0],
 [33.9, 23591.0],
 [34.0, 23592.0],
 [34.1, 23592.0],
 [34.2, 23593.0],
 [34.3, 23593.0],
 [34.4, 23595.0],
 [34.5, 23595.0],
 [34.6, 23597.0],
 [34.7, 23597.0],
 [34.8, 23599.0],
 [34.9, 23599.0],
 [35.0, 23600.0],
 [35.1, 23600.0],
 [35.2, 23602.0],
 [35.3, 23602.0],
 [35.4, 23603.0],
 [35.5, 23603.0],
 [35.6, 23605.0],
 [35.7, 23605.0],
 [35.8, 23605.0],
 [35.9, 23605.0],
 [36.0, 23607.0],
 [36.1, 23607.0],
 [36.2, 23608.0],
 [36.3, 23608.0],
 [36.4, 23609.0],
 [36.5, 23609.0],
 [36.6, 23615.0],
 [36.7, 23615.0],
 [36.8, 23621.0],
 [36.9, 23621.0],
 [37.0, 23621.0],
 [37.1, 23621.0],
 [37.2, 23625.0],
 [37.3, 23625.0],
 [37.4, 23625.0],
 [37.5, 23625.0],
 [37.6, 23625.0],
 [37.7, 23625.0],
 [37.8, 23628.0],
 [37.9, 23628.0],
 [38.0, 23628.0],
 [38.1, 23628.0],
 [38.2, 23630.0],
 [38.3, 23630.0],
 [38.4, 23632.0],
 [38.5, 23632.0],
 [38.6, 23633.0],
 [38.7, 23633.0],
 [38.8, 23639.0],
 [38.9, 23639.0],
 [39.0, 23640.0],
 [39.1, 23640.0],
 [39.2, 23640.0],
 [39.3, 23640.0],
 [39.4, 23640.0],
 [39.5, 23640.0],
 [39.6, 23641.0],
 [39.7, 23641.0],
 [39.8, 23643.0],
 [39.9, 23643.0],
 [40.0, 23646.0],
 [40.1, 23646.0],
 [40.2, 23653.0],
 [40.3, 23653.0],
 [40.4, 23653.0],
 [40.5, 23653.0],
 [40.6, 23654.0],
 [40.7, 23654.0],
 [40.8, 23654.0],
 [40.9, 23654.0],
 [41.0, 23656.0],
 [41.1, 23656.0],
 [41.2, 23659.0],
 [41.3, 23659.0],
 [41.4, 23662.0],
 [41.5, 23662.0],
 [41.6, 23662.0],
 [41.7, 23662.0],
 [41.8, 23662.0],
 [41.9, 23662.0],
 [42.0, 23663.0],
 [42.1, 23663.0],
 [42.2, 23667.0],
 [42.3, 23667.0],
 [42.4, 23667.0],
 [42.5, 23667.0],
 [42.6, 23668.0],
 [42.7, 23668.0],
 [42.8, 23670.0],
 [42.9, 23670.0],
 [43.0, 23673.0],
 [43.1, 23673.0],
 [43.2, 23675.0],
 [43.3, 23675.0],
 [43.4, 23675.0],
 [43.5, 23676.0],
 [43.6, 23676.0],
 [43.7, 23677.0],
 [43.8, 23677.0],
 [43.9, 23679.0],
 [44.0, 23679.0],
 [44.1, 23680.0],
 [44.2, 23680.0],
 [44.3, 23680.0],
 [44.4, 23680.0],
 [44.5, 23680.0],
 [44.6, 23680.0],
 [44.7, 23682.0],
 [44.8, 23682.0],
 [44.9, 23682.0],
 [45.0, 23682.0],
 [45.1, 23687.0],
 [45.2, 23687.0],
 [45.3, 23688.0],
 [45.4, 23688.0],
 [45.5, 23689.0],
 [45.6, 23689.0],
 [45.7, 23695.0],
 [45.8, 23695.0],
 [45.9, 23696.0],
 [46.0, 23696.0],
 [46.1, 23700.0],
 [46.2, 23700.0],
 [46.3, 23703.0],
 [46.4, 23703.0],
 [46.5, 23705.0],
 [46.6, 23705.0],
 [46.7, 23706.0],
 [46.8, 23706.0],
 [46.9, 23709.0],
 [47.0, 23709.0],
 [47.1, 23710.0],
 [47.2, 23710.0],
 [47.3, 23710.0],
 [47.4, 23710.0],
 [47.5, 23711.0],
 [47.6, 23711.0],
 [47.7, 23712.0],
 [47.8, 23712.0],
 [47.9, 23712.0],
 [48.0, 23712.0],
 [48.1, 23720.0],
 [48.2, 23720.0],
 [48.3, 23722.0],
 [48.4, 23722.0],
 [48.5, 23724.0],
 [48.6, 23724.0],
 [48.7, 23725.0],
 [48.8, 23725.0],
 [48.9, 23726.0],
 [49.0, 23726.0],
 [49.1, 23731.0],
 [49.2, 23731.0],
 [49.3, 23731.0],
 [49.4, 23731.0],
 [49.5, 23735.0],
 [49.6, 23735.0],
 [49.7, 23739.0],
 [49.8, 23739.0],
 [49.9, 23741.0],
 [50.0, 23741.0],
 [50.1, 23745.0],
 [50.2, 23745.0],
 [50.3, 23752.0],
 [50.4, 23752.0],
 [50.5, 23753.0],
 [50.6, 23753.0],
 [50.7, 23753.0],
 [50.8, 23753.0],
 [50.9, 23753.0],
 [51.0, 23753.0],
 [51.1, 23757.0],
 [51.2, 23757.0],
 [51.3, 23757.0],
 [51.4, 23757.0],
 [51.5, 23759.0],
 [51.6, 23759.0],
 [51.7, 23759.0],
 [51.8, 23759.0],
 [51.9, 23760.0],
 [52.0, 23760.0],
 [52.1, 23763.0],
 [52.2, 23763.0],
 [52.3, 23764.0],
 [52.4, 23764.0],
 [52.5, 23765.0],
 [52.6, 23765.0],
 [52.7, 23767.0],
 [52.8, 23767.0],
 [52.9, 23767.0],
 [53.0, 23767.0],
 [53.1, 23768.0],
 [53.2, 23768.0],
 [53.3, 23769.0],
 [53.4, 23769.0],
 [53.5, 23775.0],
 [53.6, 23775.0],
 [53.7, 23778.0],
 [53.8, 23778.0],
 [53.9, 23778.0],
 [54.0, 23778.0],
 [54.1, 23782.0],
 [54.2, 23782.0],
 [54.3, 23784.0],
 [54.4, 23784.0],
 [54.5, 23789.0],
 [54.6, 23789.0],
 [54.7, 23790.0],
 [54.8, 23790.0],
 [54.9, 23793.0],
 [55.0, 23793.0],
 [55.1, 23795.0],
 [55.2, 23795.0],
 [55.3, 23795.0],
 [55.4, 23795.0],
 [55.5, 23796.0],
 [55.6, 23796.0],
 [55.7, 23798.0],
 [55.8, 23798.0],
 [55.9, 23799.0],
 [56.0, 23799.0],
 [56.1, 23799.0],
 [56.2, 23799.0],
 [56.3, 23800.0],
 [56.4, 23800.0],
 [56.5, 23805.0],
 [56.6, 23805.0],
 [56.7, 23806.0],
 [56.8, 23806.0],
 [56.9, 23806.0],
 [57.0, 23806.0],
 [57.1, 23807.0],
 [57.2, 23807.0],
 [57.3, 23808.0],
 [57.4, 23808.0],
 [57.5, 23812.0],
 [57.6, 23812.0],
 [57.7, 23817.0],
 [57.8, 23817.0],
 [57.9, 23819.0],
 [58.0, 23819.0],
 [58.1, 23821.0],
 [58.2, 23821.0],
 [58.3, 23822.0],
 [58.4, 23822.0],
 [58.5, 23822.0],
 [58.6, 23822.0],
 [58.7, 23827.0],
 [58.8, 23827.0],
 [58.9, 23829.0],
 [59.0, 23829.0],
 [59.1, 23831.0],
 [59.2, 23831.0],
 [59.3, 23839.0],
 [59.4, 23839.0],
 [59.5, 23842.0],
 [59.6, 23842.0],
 [59.7, 23843.0],
 [59.8, 23843.0],
 [59.9, 23847.0],
 [60.0, 23847.0],
 [60.1, 23851.0],
 [60.2, 23851.0],
 [60.3, 23855.0],
 [60.4, 23855.0],
 [60.5, 23857.0],
 [60.6, 23857.0],
 [60.7, 23858.0],
 [60.8, 23858.0],
 [60.9, 23859.0],
 [61.0, 23859.0],
 [61.1, 23860.0],
 [61.2, 23860.0],
 [61.3, 23866.0],
 [61.4, 23866.0],
 [61.5, 23870.0],
 [61.6, 23870.0],
 [61.7, 23873.0],
 [61.8, 23873.0],
 [61.9, 23875.0],
 [62.0, 23875.0],
 [62.1, 23877.0],
 [62.2, 23877.0],
 [62.3, 23879.0],
 [62.4, 23879.0],
 [62.5, 23883.0],
 [62.6, 23883.0],
 [62.7, 23883.0],
 [62.8, 23883.0],
 [62.9, 23884.0],
 [63.0, 23884.0],
 [63.1, 23886.0],
 [63.2, 23886.0],
 [63.3, 23899.0],
 [63.4, 23899.0],
 [63.5, 23899.0],
 [63.6, 23899.0],
 [63.7, 23900.0],
 [63.8, 23900.0],
 [63.9, 23900.0],
 [64.0, 23900.0],
 [64.1, 23902.0],
 [64.2, 23902.0],
 [64.3, 23902.0],
 [64.4, 23902.0],
 [64.5, 23905.0],
 [64.6, 23905.0],
 [64.7, 23907.0],
 [64.8, 23907.0],
 [64.9, 23912.0],
 [65.0, 23912.0],
 [65.1, 23913.0],
 [65.2, 23913.0],
 [65.3, 23913.0],
 [65.4, 23913.0],
 [65.5, 23920.0],
 [65.6, 23920.0],
 [65.7, 23923.0],
 [65.8, 23923.0],
 [65.9, 23923.0],
 [66.0, 23923.0],
 [66.1, 23924.0],
 [66.2, 23924.0],
 [66.3, 23925.0],
 [66.4, 23925.0],
 [66.5, 23928.0],
 [66.6, 23928.0],
 [66.7, 23933.0],
 [66.8, 23933.0],
 [66.9, 23933.0],
 [67.0, 23933.0],
 [67.1, 23934.0],
 [67.2, 23934.0],
 [67.3, 23936.0],
 [67.4, 23936.0],
 [67.5, 23936.0],
 [67.6, 23936.0],
 [67.7, 23938.0],
 [67.8, 23938.0],
 [67.9, 23938.0],
 [68.0, 23938.0],
 [68.1, 23939.0],
 [68.2, 23939.0],
 [68.3, 23941.0],
 [68.4, 23941.0],
 [68.5, 23943.0],
 [68.6, 23943.0],
 [68.7, 23944.0],
 [68.8, 23944.0],
 [68.9, 23949.0],
 [69.0, 23949.0],
 [69.1, 23956.0],
 [69.2, 23956.0],
 [69.3, 23958.0],
 [69.4, 23958.0],
 [69.5, 23958.0],
 [69.6, 23958.0],
 [69.7, 23959.0],
 [69.8, 23959.0],
 [69.9, 23960.0],
 [70.0, 23960.0],
 [70.1, 23960.0],
 [70.2, 23960.0],
 [70.3, 23970.0],
 [70.4, 23970.0],
 [70.5, 23975.0],
 [70.6, 23975.0],
 [70.7, 23978.0],
 [70.8, 23978.0],
 [70.9, 23978.0],
 [71.0, 23978.0],
 [71.1, 23982.0],
 [71.2, 23982.0],
 [71.3, 23983.0],
 [71.4, 23983.0],
 [71.5, 23984.0],
 [71.6, 23984.0],
 [71.7, 23991.0],
 [71.8, 23991.0],
 [71.9, 23996.0],
 [72.0, 23996.0],
 [72.1, 24001.0],
 [72.2, 24001.0],
 [72.3, 24003.0],
 [72.4, 24003.0],
 [72.5, 24004.0],
 [72.6, 24004.0],
 [72.7, 24005.0],
 [72.8, 24005.0],
 [72.9, 24010.0],
 [73.0, 24010.0],
 [73.1, 24012.0],
 [73.2, 24012.0],
 [73.3, 24026.0],
 [73.4, 24026.0],
 [73.5, 24028.0],
 [73.6, 24028.0],
 [73.7, 24032.0],
 [73.8, 24032.0],
 [73.9, 24033.0],
 [74.0, 24033.0],
 [74.1, 24036.0],
 [74.2, 24036.0],
 [74.3, 24039.0],
 [74.4, 24039.0],
 [74.5, 24041.0],
 [74.6, 24041.0],
 [74.7, 24044.0],
 [74.8, 24044.0],
 [74.9, 24050.0],
 [75.0, 24050.0],
 [75.1, 24051.0],
 [75.2, 24051.0],
 [75.3, 24051.0],
 [75.4, 24051.0],
 [75.5, 24056.0],
 [75.6, 24056.0],
 [75.7, 24058.0],
 [75.8, 24058.0],
 [75.9, 24060.0],
 [76.0, 24060.0],
 [76.1, 24060.0],
 [76.2, 24060.0],
 [76.3, 24063.0],
 [76.4, 24063.0],
 [76.5, 24066.0],
 [76.6, 24066.0],
 [76.7, 24069.0],
 [76.8, 24069.0],
 [76.9, 24073.0],
 [77.0, 24073.0],
 [77.1, 24079.0],
 [77.2, 24079.0],
 [77.3, 24081.0],
 [77.4, 24081.0],
 [77.5, 24085.0],
 [77.6, 24085.0],
 [77.7, 24087.0],
 [77.8, 24087.0],
 [77.9, 24089.0],
 [78.0, 24089.0],
 [78.1, 24089.0],
 [78.2, 24089.0],
 [78.3, 24093.0],
 [78.4, 24093.0],
 [78.5, 24098.0],
 [78.6, 24098.0],
 [78.7, 24098.0],
 [78.8, 24098.0],
 [78.9, 24099.0],
 [79.0, 24099.0],
 [79.1, 24100.0],
 [79.2, 24100.0],
 [79.3, 24107.0],
 [79.4, 24107.0],
 [79.5, 24110.0],
 [79.6, 24110.0],
 [79.7, 24112.0],
 [79.8, 24112.0],
 [79.9, 24113.0],
 [80.0, 24113.0],
 [80.1, 24116.0],
 [80.2, 24116.0],
 [80.3, 24119.0],
 [80.4, 24119.0],
 [80.5, 24121.0],
 [80.6, 24121.0],
 [80.7, 24124.0],
 [80.8, 24124.0],
 [80.9, 24124.0],
 [81.0, 24124.0],
 [81.1, 24126.0],
 [81.2, 24126.0],
 [81.3, 24126.0],
 [81.4, 24126.0],
 [81.5, 24128.0],
 [81.6, 24128.0],
 [81.7, 24128.0],
 [81.8, 24128.0],
 [81.9, 24132.0],
 [82.0, 24132.0],
 [82.1, 24132.0],
 [82.2, 24132.0],
 [82.3, 24142.0],
 [82.4, 24142.0],
 [82.5, 24142.0],
 [82.6, 24142.0],
 [82.7, 24143.0],
 [82.8, 24143.0],
 [82.9, 24145.0],
 [83.0, 24145.0],
 [83.1, 24146.0],
 [83.2, 24146.0],
 [83.3, 24148.0],
 [83.4, 24148.0],
 [83.5, 24148.0],
 [83.6, 24148.0],
 [83.7, 24149.0],
 [83.8, 24149.0],
 [83.9, 24156.0],
 [84.0, 24156.0],
 [84.1, 24157.0],
 [84.2, 24157.0],
 [84.3, 24157.0],
 [84.4, 24157.0],
 [84.5, 24158.0],
 [84.6, 24158.0],
 [84.7, 24161.0],
 [84.8, 24161.0],
 [84.9, 24162.0],
 [85.0, 24162.0],
 [85.1, 24167.0],
 [85.2, 24167.0],
 [85.3, 24168.0],
 [85.4, 24168.0],
 [85.5, 24171.0],
 [85.6, 24171.0],
 [85.7, 24171.0],
 [85.8, 24171.0],
 [85.9, 24177.0],
 [86.0, 24177.0],
 [86.1, 24177.0],
 [86.2, 24177.0],
 [86.3, 24178.0],
 [86.4, 24178.0],
 [86.5, 24179.0],
 [86.6, 24179.0],
 [86.7, 24182.0],
 [86.8, 24182.0],
 [86.9, 24182.0],
 [87.0, 24182.0],
 [87.1, 24184.0],
 [87.2, 24184.0],
 [87.3, 24195.0],
 [87.4, 24195.0],
 [87.5, 24198.0],
 [87.6, 24198.0],
 [87.7, 24201.0],
 [87.8, 24201.0],
 [87.9, 24203.0],
 [88.0, 24203.0],
 [88.1, 24206.0],
 [88.2, 24206.0],
 [88.3, 24206.0],
 [88.4, 24206.0],
 [88.5, 24207.0],
 [88.6, 24207.0],
 [88.7, 24208.0],
 [88.8, 24208.0],
 [88.9, 24210.0],
 [89.0, 24210.0],
 [89.1, 24221.0],
 [89.2, 24221.0],
 [89.3, 24223.0],
 [89.4, 24223.0],
 [89.5, 24227.0],
 [89.6, 24227.0],
 [89.7, 24228.0],
 [89.8, 24228.0],
 [89.9, 24230.0],
 [90.0, 24230.0],
 [90.1, 24230.0],
 [90.2, 24230.0],
 [90.3, 24243.0],
 [90.4, 24243.0],
 [90.5, 24245.0],
 [90.6, 24245.0],
 [90.7, 24247.0],
 [90.8, 24247.0],
 [90.9, 24249.0],
 [91.0, 24249.0],
 [91.1, 24254.0],
 [91.2, 24254.0],
 [91.3, 24260.0],
 [91.4, 24260.0],
 [91.5, 24261.0],
 [91.6, 24261.0],
 [91.7, 24263.0],
 [91.8, 24263.0],
 [91.9, 24265.0],
 [92.0, 24265.0],
 [92.1, 24265.0],
 [92.2, 24265.0],
 [92.3, 24265.0],
 [92.4, 24265.0],
 [92.5, 24271.0],
 [92.6, 24271.0],
 [92.7, 24275.0],
 [92.8, 24275.0],
 [92.9, 24276.0],
 [93.0, 24276.0],
 [93.1, 24277.0],
 [93.2, 24277.0],
 [93.3, 24282.0],
 [93.4, 24282.0],
 [93.5, 24283.0],
 [93.6, 24283.0],
 [93.7, 24284.0],
 [93.8, 24284.0],
 [93.9, 24284.0],
 [94.0, 24284.0],
 [94.1, 24284.0],
 [94.2, 24284.0],
 [94.3, 24287.0],
 [94.4, 24287.0],
 [94.5, 24287.0],
 [94.6, 24287.0],
 [94.7, 24289.0],
 [94.8, 24289.0],
 [94.9, 24294.0],
 [95.0, 24294.0],
 [95.1, 24295.0],
 [95.2, 24295.0],
 [95.3, 24299.0],
 [95.4, 24299.0],
 [95.5, 24304.0],
 [95.6, 24304.0],
 [95.7, 24307.0],
 [95.8, 24307.0],
 [95.9, 24316.0],
 [96.0, 24316.0],
 [96.1, 24318.0],
 [96.2, 24318.0],
 [96.3, 24319.0],
 [96.4, 24319.0],
 [96.5, 24322.0],
 [96.6, 24322.0],
 [96.7, 24330.0],
 [96.8, 24330.0],
 [96.9, 24333.0],
 [97.0, 24333.0],
 [97.1, 24334.0],
 [97.2, 24334.0],
 [97.3, 24335.0],
 [97.4, 24335.0],
 [97.5, 24340.0],
 [97.6, 24340.0],
 [97.7, 24340.0],
 [97.8, 24340.0],
 [97.9, 24346.0],
 [98.0, 24346.0],
 [98.1, 24352.0],
 [98.2, 24352.0],
 [98.3, 24363.0],
 [98.4, 24363.0],
 [98.5, 24380.0],
 [98.6, 24380.0],
 [98.7, 24382.0],
 [98.8, 24382.0],
 [98.9, 24391.0],
 [99.0, 24391.0],
 [99.1, 24411.0],
 [99.2, 24411.0],
 [99.3, 24416.0],
 [99.4, 24416.0],
 [99.5, 24418.0],
 [99.6, 24418.0],
 [99.7, 24427.0],
 [99.8, 24427.0],
 [99.9, 24444.0],
 [100.0, 24444.0]
